# File generated by CMD 2.8 (http://stev.oapd.inaf.it/cmd) on Wed Mar 30 21:57:00 CEST 2016
# PARSEC isochrones, release v1.2S
# Basic references: Bressan et al. (2012), MNRAS, 427, 127 + Chen et al. (2014, 2015), MNRAS, 444, 2525 + MNRAS, 452, 1068 + Tang et al. (2014), MNRAS, 445, 4287
# Warning: you choose not to include the TP-AGB phase!
# Photometric system: CFHT Megacam + Wircam (all ABmags)
# Using NBC version of bolometric corrections as in Chen et al. (2014), MNRAS, 444, 2525
# BCs of Carbon stars derive from Aringer et al. (2009, A&A 503, 913)
# O-rich circumstellar dust ignored
# C-rich circumstellar dust ignored
# IMF: Kroupa (2001, 2002) + Kroupa et al. (2013) canonical two-part-power law IMF corrected for unresolved binaries 
# On RGB, assumed Reimers mass loss with efficiency eta=0.2
# Kind of output: isochrone tables
#	Isochrone  Z = 0.00025	Y = 0.24900	[M/H] = -1.790	eta_R = 0.200	Age = 	1.2000e+10 yr
#      Z	log(age/yr)	M_ini   	M_act	logL/Lo	logTe	logG	mbol    u*      g'      r'      i'      z'      Y       J       H       Ks	int_IMF	stage
	0.000252	10.0792	0.09000000	0.0900	-3.1961	3.4846	5.4786	12.760	19.686	15.956	14.167	12.647	12.151	11.909	11.643	11.894	12.326	1.08168960	1
	0.000252	10.0792	0.09282282	0.0928	-3.0907	3.5000	5.4484	12.497	18.803	15.386	13.663	12.366	11.925	11.685	11.433	11.610	12.022	1.10819256	1
	0.000252	10.0792	0.10000000	0.1000	-2.8373	3.5371	5.3757	11.863	16.834	14.123	12.582	11.703	11.364	11.142	10.932	10.975	11.336	1.17110646	1
	0.000252	10.0792	0.12000000	0.1200	-2.5447	3.5680	5.2858	11.132	15.168	12.937	11.590	10.948	10.675	10.479	10.311	10.282	10.612	1.31931543	1
	0.000252	10.0792	0.14000000	0.1400	-2.3610	3.5829	5.2286	10.673	14.329	12.285	11.044	10.479	10.230	10.050	9.901	9.851	10.167	1.43845272	1
	0.000252	10.0792	0.16000000	0.1600	-2.2171	3.5926	5.1815	10.313	13.737	11.807	10.640	10.114	9.880	9.710	9.573	9.512	9.820	1.53729320	1
	0.000252	10.0792	0.20000000	0.2000	-1.9963	3.6050	5.1073	9.761	12.919	11.116	10.037	9.554	9.338	9.182	9.060	8.990	9.292	1.69387913	1
	0.000252	10.0792	0.25000000	0.2500	-1.7944	3.6160	5.0462	9.256	12.198	10.495	9.491	9.042	8.841	8.697	8.587	8.515	8.818	1.84032583	1
	0.000252	10.0792	0.30000001	0.3000	-1.6398	3.6250	5.0068	8.870	11.647	10.019	9.072	8.650	8.462	8.327	8.227	8.155	8.462	1.95291400	1
	0.000252	10.0792	0.34999999	0.3500	-1.5132	3.6330	4.9793	8.553	11.191	9.627	8.728	8.328	8.152	8.025	7.933	7.865	8.178	2.04341745	1
	0.000252	10.0792	0.40000001	0.4000	-1.3819	3.6428	4.9450	8.225	10.701	9.211	8.368	7.995	7.832	7.716	7.632	7.570	7.893	2.11850262	1
	0.000252	10.0792	0.44999999	0.4500	-1.2204	3.6591	4.9001	7.821	10.039	8.674	7.916	7.585	7.443	7.344	7.277	7.231	7.569	2.18228102	1
	0.000252	10.0792	0.50000000	0.4999	-1.0398	3.6796	4.8470	7.369	9.273	8.074	7.415	7.132	7.016	6.939	6.893	6.876	7.233	2.23745418	1
	0.000252	10.0792	0.55000001	0.5499	-0.8313	3.7014	4.7670	6.848	8.453	7.426	6.857	6.618	6.526	6.473	6.452	6.474	6.848	2.28365827	1
	0.000252	10.0792	0.60000002	0.5998	-0.6217	3.7275	4.6997	6.324	7.636	6.785	6.310	6.119	6.054	6.026	6.035	6.101	6.495	2.32112145	1
	0.000252	10.0792	0.60117364	0.6010	-0.6165	3.7282	4.6982	6.311	7.616	6.769	6.297	6.107	6.043	6.016	6.025	6.093	6.487	2.32191515	1
	0.000252	10.0792	0.61315805	0.6130	-0.5636	3.7354	4.6827	6.179	7.415	6.610	6.162	5.985	5.928	5.907	5.924	6.003	6.402	2.32981992	1
	0.000252	10.0792	0.62383980	0.6236	-0.5161	3.7418	4.6682	6.060	7.240	6.470	6.042	5.876	5.825	5.810	5.833	5.921	6.325	2.33657193	1
	0.000252	10.0792	0.63376039	0.6335	-0.4716	3.7477	4.6540	5.949	7.082	6.341	5.932	5.774	5.729	5.719	5.748	5.844	6.252	2.34260893	1
	0.000252	10.0792	0.64339012	0.6432	-0.4281	3.7532	4.6394	5.840	6.931	6.215	5.824	5.676	5.636	5.631	5.665	5.769	6.181	2.34826469	1
	0.000252	10.0792	0.64999998	0.6497	-0.3979	3.7570	4.6288	5.765	6.827	6.128	5.749	5.608	5.572	5.570	5.608	5.717	6.132	2.35203552	1
	0.000252	10.0792	0.65737367	0.6571	-0.3639	3.7610	4.6156	5.680	6.713	6.032	5.665	5.531	5.499	5.500	5.542	5.657	6.075	2.35613918	1
	0.000252	10.0792	0.66809517	0.6678	-0.3136	3.7667	4.5952	5.554	6.551	5.892	5.542	5.417	5.390	5.396	5.443	5.566	5.987	2.36192060	1
	0.000252	10.0792	0.67865533	0.6783	-0.2629	3.7723	4.5734	5.427	6.390	5.753	5.419	5.303	5.281	5.290	5.343	5.473	5.898	2.36741042	1
	0.000252	10.0792	0.68798798	0.6876	-0.2167	3.7771	4.5523	5.312	6.248	5.627	5.308	5.200	5.182	5.194	5.252	5.388	5.816	2.37210083	1
	0.000252	10.0792	0.69701976	0.6966	-0.1707	3.7816	4.5302	5.197	6.107	5.501	5.199	5.098	5.085	5.100	5.161	5.302	5.735	2.37650299	1
	0.000252	10.0792	0.69999999	0.6996	-0.1553	3.7831	4.5227	5.158	6.059	5.459	5.164	5.066	5.054	5.070	5.131	5.273	5.708	2.37792683	1
	0.000252	10.0792	0.70059890	0.7002	-0.1522	3.7834	4.5211	5.151	6.050	5.451	5.157	5.059	5.048	5.064	5.125	5.267	5.702	2.37821126	1
	0.000252	10.0792	0.71024042	0.7098	-0.1000	3.7880	4.4931	5.020	5.892	5.309	5.035	4.947	4.940	4.958	5.022	5.167	5.608	2.38271499	1
	0.000252	10.0792	0.71870381	0.7182	-0.0518	3.7919	4.4658	4.899	5.750	5.178	4.921	4.840	4.837	4.857	4.924	5.073	5.518	2.38655400	1
	0.000252	10.0792	0.72706097	0.7265	-0.0016	3.7958	4.4359	4.774	5.606	5.044	4.800	4.727	4.727	4.749	4.820	4.974	5.422	2.39024425	1
	0.000252	10.0792	0.73423898	0.7336	0.0439	3.7989	4.4073	4.660	5.477	4.922	4.690	4.622	4.626	4.650	4.724	4.882	5.333	2.39333677	1
	0.000252	10.0792	0.74119329	0.7406	0.0906	3.8019	4.3765	4.543	5.348	4.797	4.575	4.513	4.520	4.545	4.623	4.785	5.238	2.39626741	1
	0.000252	10.0792	0.74814838	0.7475	0.1404	3.8047	4.3420	4.419	5.214	4.665	4.452	4.394	4.404	4.431	4.512	4.680	5.133	2.39913583	1
	0.000252	10.0792	0.75000000	0.7493	0.1544	3.8054	4.3320	4.384	5.176	4.628	4.417	4.361	4.371	4.399	4.481	4.650	5.104	2.39988899	1
	0.000252	10.0792	0.75299001	0.7523	0.1769	3.8067	4.3163	4.328	5.116	4.569	4.361	4.308	4.319	4.347	4.431	4.602	5.057	2.40109658	1
	0.000252	10.0792	0.75955099	0.7587	0.2302	3.8093	4.2771	4.195	4.973	4.428	4.229	4.180	4.193	4.223	4.310	4.487	4.942	2.40370774	1
	0.000252	10.0792	0.76555455	0.7647	0.2831	3.8113	4.2358	4.062	4.834	4.289	4.097	4.051	4.067	4.098	4.188	4.369	4.825	2.40605211	1
	0.000252	10.0792	0.77114701	0.7702	0.3353	3.8128	4.1924	3.932	4.699	4.153	3.965	3.923	3.940	3.973	4.064	4.248	4.705	2.40819836	1
	0.000252	10.0792	0.77497846	0.7740	0.3737	3.8133	4.1584	3.836	4.601	4.054	3.869	3.828	3.846	3.878	3.970	4.157	4.613	2.40964794	1
	0.000252	10.0792	0.77672255	0.7757	0.3929	3.8132	4.1396	3.788	4.553	4.006	3.820	3.780	3.797	3.829	3.921	4.108	4.564	2.41030264	1
	0.000252	10.0792	0.78146791	0.7803	0.4497	3.8115	4.0787	3.646	4.416	3.865	3.676	3.633	3.649	3.681	3.771	3.954	4.410	2.41206622	1
	0.000252	10.0792	0.78479403	0.7836	0.4947	3.8088	4.0245	3.533	4.312	3.756	3.561	3.514	3.528	3.557	3.644	3.823	4.277	2.41328788	1
	0.000252	10.0792	0.78550386	0.7843	0.5050	3.8080	4.0114	3.507	4.289	3.731	3.535	3.487	3.499	3.528	3.614	3.791	4.246	2.41354704	2
	0.000252	10.0792	0.78729862	0.7860	0.5353	3.8044	3.9678	3.432	4.226	3.662	3.457	3.403	3.412	3.439	3.521	3.691	4.144	2.41420007	2
	0.000252	10.0792	0.78919172	0.7879	0.5710	3.7989	3.9111	3.343	4.156	3.584	3.364	3.301	3.305	3.328	3.403	3.564	4.015	2.41488504	2
	0.000252	10.0792	0.79067069	0.7893	0.6036	3.7921	3.8522	3.261	4.105	3.518	3.276	3.202	3.200	3.218	3.286	3.438	3.884	2.41541767	2
	0.000252	10.0792	0.79185915	0.7904	0.6332	3.7843	3.7918	3.187	4.071	3.466	3.193	3.105	3.096	3.111	3.170	3.312	3.751	2.41584373	2
	0.000252	10.0792	0.79307294	0.7916	0.6668	3.7739	3.7173	3.103	4.041	3.410	3.102	2.996	2.977	2.985	3.034	3.161	3.591	2.41627765	2
	0.000252	10.0792	0.79391414	0.7924	0.6932	3.7658	3.6589	3.037	4.019	3.365	3.034	2.915	2.888	2.890	2.930	3.043	3.469	2.41657734	2
	0.000252	10.0792	0.79464614	0.7931	0.7214	3.7583	3.6009	2.966	3.991	3.315	2.963	2.831	2.797	2.793	2.825	2.924	3.346	2.41683769	2
	0.000252	10.0792	0.79535484	0.7937	0.7590	3.7516	3.5371	2.872	3.939	3.241	2.869	2.727	2.686	2.677	2.701	2.789	3.207	2.41708922	2
	0.000252	10.0792	0.79591793	0.7943	0.7976	3.7472	3.4811	2.776	3.872	3.159	2.774	2.624	2.579	2.565	2.585	2.665	3.080	2.41728854	2
	0.000252	10.0792	0.79630667	0.7946	0.8285	3.7445	3.4398	2.699	3.813	3.090	2.697	2.543	2.495	2.479	2.496	2.570	2.984	2.41742611	3
	0.000252	10.0792	0.79639262	0.7947	0.8360	3.7440	3.4304	2.680	3.797	3.072	2.678	2.523	2.476	2.459	2.475	2.549	2.962	2.41745639	3
	0.000252	10.0792	0.79693967	0.7952	0.8862	3.7412	3.3691	2.555	3.691	2.956	2.554	2.394	2.343	2.324	2.336	2.404	2.817	2.41764951	3
	0.000252	10.0792	0.79745477	0.7956	0.9380	3.7388	3.3080	2.425	3.579	2.834	2.425	2.261	2.209	2.187	2.196	2.259	2.670	2.41783118	3
	0.000252	10.0792	0.79793400	0.7960	0.9900	3.7369	3.2483	2.295	3.465	2.711	2.297	2.129	2.074	2.051	2.057	2.116	2.526	2.41799998	3
	0.000252	10.0792	0.79833478	0.7964	1.0366	3.7352	3.1954	2.178	3.361	2.600	2.181	2.012	1.955	1.930	1.933	1.988	2.397	2.41814089	3
	0.000252	10.0792	0.79874361	0.7967	1.0877	3.7336	3.1379	2.051	3.246	2.478	2.055	1.882	1.824	1.797	1.798	1.849	2.258	2.41828442	3
	0.000252	10.0792	0.79911566	0.7969	1.1380	3.7320	3.0816	1.925	3.132	2.358	1.930	1.755	1.695	1.667	1.665	1.713	2.121	2.41841483	3
	0.000252	10.0792	0.79945338	0.7972	1.1877	3.7305	3.0259	1.801	3.019	2.239	1.807	1.630	1.568	1.538	1.534	1.578	1.985	2.41853333	3
	0.000252	10.0792	0.79976678	0.7974	1.2381	3.7290	2.9694	1.675	2.906	2.118	1.682	1.502	1.439	1.407	1.402	1.442	1.848	2.41864300	3
	0.000252	10.0792	0.80000001	0.7975	1.2785	3.7277	2.9242	1.574	2.815	2.022	1.582	1.400	1.336	1.303	1.295	1.333	1.738	2.41872454	3
	0.000252	10.0792	0.80022806	0.7976	1.3208	3.7265	2.8769	1.468	2.720	1.920	1.477	1.293	1.228	1.193	1.184	1.219	1.624	2.41880417	3
	0.000252	10.0792	0.80046022	0.7977	1.3677	3.7249	2.8239	1.351	2.615	1.809	1.361	1.175	1.107	1.072	1.060	1.091	1.496	2.41888547	3
	0.000252	10.0792	0.80067194	0.7978	1.4143	3.7234	2.7713	1.234	2.511	1.698	1.246	1.057	0.988	0.951	0.937	0.965	1.369	2.41895938	3
	0.000252	10.0792	0.80087101	0.7978	1.4623	3.7219	2.7173	1.114	2.403	1.584	1.127	0.936	0.865	0.827	0.811	0.835	1.238	2.41902876	3
	0.000252	10.0792	0.80104703	0.7978	1.5086	3.7203	2.6645	0.998	2.301	1.474	1.013	0.818	0.746	0.706	0.689	0.708	1.111	2.41909027	3
	0.000252	10.0792	0.80121440	0.7978	1.5570	3.7186	2.6094	0.878	2.194	1.360	0.894	0.697	0.623	0.581	0.561	0.576	0.978	2.41914845	3
	0.000252	10.0792	0.80136192	0.7977	1.6036	3.7170	2.5564	0.761	2.092	1.250	0.779	0.579	0.504	0.460	0.438	0.449	0.851	2.41919994	3
	0.000252	10.0792	0.80149323	0.7976	1.6487	3.7154	2.5047	0.648	1.994	1.144	0.668	0.466	0.388	0.343	0.318	0.326	0.726	2.41924572	3
	0.000252	10.0792	0.80161834	0.7975	1.6956	3.7137	2.4508	0.531	1.895	1.034	0.552	0.347	0.267	0.221	0.194	0.198	0.597	2.41928911	3
	0.000252	10.0792	0.80173153	0.7973	1.7420	3.7120	2.3976	0.415	1.797	0.926	0.438	0.229	0.148	0.100	0.070	0.071	0.470	2.41932869	3
	0.000252	10.0792	0.80183125	0.7972	1.7864	3.7103	2.3462	0.304	1.705	0.822	0.328	0.116	0.033	-0.017	-0.048	-0.051	0.347	2.41936326	3
	0.000252	10.0792	0.80192280	0.7970	1.8306	3.7085	2.2949	0.194	1.614	0.720	0.219	0.004	-0.081	-0.132	-0.166	-0.173	0.224	2.41939521	3
	0.000252	10.0792	0.80201143	0.7967	1.8769	3.7068	2.2414	0.078	1.519	0.612	0.105	-0.113	-0.200	-0.253	-0.290	-0.300	0.096	2.41942596	3
	0.000252	10.0792	0.80208898	0.7964	1.9209	3.7049	2.1900	-0.032	1.430	0.511	-0.003	-0.225	-0.313	-0.368	-0.407	-0.422	-0.027	2.41945291	3
	0.000252	10.0792	0.80216032	0.7961	1.9647	3.7031	2.1389	-0.142	1.342	0.411	-0.110	-0.336	-0.426	-0.483	-0.524	-0.543	-0.149	2.41947770	3
	0.000252	10.0792	0.80222791	0.7958	2.0094	3.7014	2.0869	-0.254	1.251	0.308	-0.220	-0.449	-0.541	-0.599	-0.644	-0.667	-0.274	2.41950130	3
	0.000252	10.0792	0.80228734	0.7954	2.0511	3.6995	2.0375	-0.358	1.170	0.213	-0.321	-0.554	-0.648	-0.709	-0.756	-0.783	-0.391	2.41952181	3
	0.000252	10.0792	0.80234462	0.7950	2.0935	3.6977	1.9876	-0.464	1.088	0.118	-0.425	-0.661	-0.757	-0.820	-0.869	-0.901	-0.510	2.41954184	3
	0.000252	10.0792	0.80240405	0.7944	2.1353	3.6959	1.9386	-0.568	1.008	0.023	-0.527	-0.766	-0.865	-0.929	-0.981	-1.018	-0.627	2.41956234	3
	0.000252	10.0792	0.80245715	0.7939	2.1588	3.6950	1.9108	-0.627	0.964	-0.030	-0.584	-0.826	-0.925	-0.991	-1.044	-1.083	-0.693	2.41958094	3
	0.000252	10.0792	0.80249417	0.7935	2.1477	3.6958	1.9249	-0.599	0.981	-0.007	-0.558	-0.798	-0.896	-0.961	-1.013	-1.050	-0.660	2.41959381	3
	0.000252	10.0792	0.80250150	0.7934	2.1548	3.6954	1.9164	-0.617	0.968	-0.022	-0.575	-0.815	-0.914	-0.979	-1.032	-1.070	-0.680	2.41959620	3
	0.000252	10.0792	0.80254215	0.7930	2.1966	3.6935	1.8665	-0.722	0.892	-0.116	-0.677	-0.921	-1.022	-1.090	-1.145	-1.188	-0.799	2.41961026	3
	0.000252	10.0792	0.80258322	0.7924	2.2414	3.6915	1.8136	-0.833	0.809	-0.216	-0.786	-1.034	-1.138	-1.207	-1.266	-1.313	-0.925	2.41962457	3
	0.000252	10.0792	0.80261809	0.7919	2.2821	3.6895	1.7646	-0.935	0.737	-0.305	-0.884	-1.137	-1.243	-1.314	-1.376	-1.429	-1.042	2.41963673	3
	0.000252	10.0792	0.80265242	0.7912	2.3250	3.6874	1.7130	-1.043	0.663	-0.399	-0.987	-1.244	-1.353	-1.427	-1.492	-1.550	-1.164	2.41964865	3
	0.000252	10.0792	0.80268443	0.7905	2.3682	3.6854	1.6615	-1.150	0.588	-0.494	-1.091	-1.352	-1.464	-1.540	-1.608	-1.672	-1.287	2.41965985	3
	0.000252	10.0792	0.80271244	0.7898	2.4087	3.6833	1.6119	-1.252	0.521	-0.580	-1.188	-1.454	-1.568	-1.647	-1.718	-1.788	-1.404	2.41966939	3
	0.000252	10.0792	0.80274016	0.7890	2.4520	3.6812	1.5600	-1.360	0.447	-0.674	-1.292	-1.562	-1.679	-1.760	-1.835	-1.910	-1.528	2.41967916	3
	0.000252	10.0792	0.80276483	0.7881	2.4933	3.6791	1.5095	-1.463	0.380	-0.762	-1.390	-1.665	-1.785	-1.868	-1.947	-2.028	-1.647	2.41968775	3
	0.000252	10.0792	0.80278778	0.7871	2.5346	3.6769	1.4590	-1.566	0.316	-0.849	-1.488	-1.768	-1.890	-1.977	-2.059	-2.145	-1.766	2.41969562	3
	0.000252	10.0792	0.80280966	0.7861	2.5768	3.6747	1.4076	-1.672	0.250	-0.938	-1.588	-1.874	-1.998	-2.087	-2.173	-2.265	-1.887	2.41970325	3
	0.000252	10.0792	0.80283326	0.7847	2.6260	3.6719	1.3464	-1.795	0.178	-1.039	-1.703	-1.996	-2.124	-2.217	-2.306	-2.406	-2.030	2.41971135	3
	0.000252	10.0792	0.80285221	0.7834	2.6688	3.6697	1.2941	-1.902	0.112	-1.129	-1.804	-2.103	-2.234	-2.329	-2.422	-2.528	-2.152	2.41971803	3
	0.000252	10.0792	0.80287176	0.7818	2.7164	3.6669	1.2342	-2.021	0.049	-1.224	-1.914	-2.220	-2.355	-2.454	-2.551	-2.665	-2.291	2.41972470	3
	0.000252	10.0792	0.80288792	0.7802	2.7589	3.6646	1.1818	-2.127	-0.012	-1.311	-2.014	-2.325	-2.463	-2.565	-2.666	-2.786	-2.413	2.41973042	3
	0.000252	10.0792	0.80290431	0.7783	2.8053	3.6617	1.1226	-2.243	-0.070	-1.401	-2.120	-2.440	-2.582	-2.687	-2.793	-2.921	-2.550	2.41973615	3
	0.000252	10.0792	0.80291796	0.7764	2.8468	3.6594	1.0708	-2.347	-0.126	-1.484	-2.216	-2.542	-2.687	-2.795	-2.905	-3.039	-2.671	2.41974068	3
	0.000252	10.0792	0.80293226	0.7741	2.8937	3.6564	1.0109	-2.464	-0.180	-1.574	-2.322	-2.656	-2.805	-2.917	-3.032	-3.175	-2.808	2.41974568	3
	0.000252	10.0792	0.80294681	0.7712	2.9452	3.6534	0.9457	-2.593	-0.218	-1.669	-2.441	-2.784	-2.938	-3.054	-3.174	-3.323	-2.957	2.41975069	3
	0.000252	10.0792	0.80295861	0.7685	2.9905	3.6504	0.8867	-2.706	-0.236	-1.747	-2.544	-2.897	-3.056	-3.176	-3.300	-3.454	-3.091	2.41975474	3
	0.000252	10.0792	0.80296874	0.7656	3.0320	3.6480	0.8339	-2.810	-0.255	-1.819	-2.639	-3.001	-3.164	-3.286	-3.413	-3.572	-3.210	2.41975832	3
	0.000252	10.0792	0.80297911	0.7622	3.0776	3.6449	0.7739	-2.924	-0.263	-1.893	-2.740	-3.114	-3.281	-3.408	-3.539	-3.705	-3.344	2.41976190	3
	0.000252	10.0792	0.80298984	0.7579	3.1280	3.6418	0.7087	-3.050	-0.275	-1.976	-2.853	-3.239	-3.411	-3.542	-3.678	-3.850	-3.490	2.41976571	3
	0.000252	10.0792	0.80299878	0.7536	3.1733	3.6386	0.6483	-3.163	-0.274	-2.045	-2.952	-3.350	-3.528	-3.663	-3.803	-3.982	-3.624	2.41976881	3
	0.000252	10.0792	0.80300784	0.7484	3.2220	3.6355	0.5842	-3.285	-0.272	-2.120	-3.059	-3.469	-3.652	-3.792	-3.937	-4.122	-3.766	2.41977191	3
	0.000252	10.0792	0.80301625	0.7424	3.2686	3.6324	0.5216	-3.402	-0.262	-2.188	-3.159	-3.582	-3.772	-3.916	-4.066	-4.257	-3.903	2.41977477	3
	0.000252	10.0792	0.80301857	0.7406	3.2802	3.6317	0.5060	-3.430	-0.260	-2.205	-3.184	-3.611	-3.801	-3.946	-4.098	-4.291	-3.937	2.41977572	4
	0.000252	10.0792	0.80301857	0.7407	1.6914	3.8517	2.9752	0.542	1.147	0.566	0.542	0.599	0.644	0.690	0.861	1.149	1.606	2.41977572	4
	0.000252	10.0792	0.80302012	0.7407	1.7042	3.8441	2.9319	0.510	1.138	0.552	0.505	0.547	0.587	0.630	0.788	1.062	1.517	2.41977620	4
	0.000252	10.0792	0.80307257	0.7406	1.7134	3.8425	2.9161	0.487	1.119	0.533	0.481	0.520	0.558	0.601	0.756	1.027	1.482	2.41979432	4
	0.000252	10.0792	0.80312645	0.7406	1.7141	3.8431	2.9181	0.485	1.115	0.529	0.479	0.520	0.559	0.602	0.758	1.030	1.486	2.41981316	4
	0.000252	10.0792	0.80318201	0.7406	1.7143	3.8441	2.9215	0.484	1.112	0.526	0.479	0.521	0.561	0.604	0.762	1.036	1.492	2.41983223	4
	0.000252	10.0792	0.80323792	0.7406	1.7143	3.8451	2.9257	0.484	1.109	0.524	0.480	0.524	0.564	0.608	0.768	1.044	1.500	2.41985178	4
	0.000252	10.0792	0.80329382	0.7406	1.7141	3.8462	2.9303	0.485	1.106	0.521	0.481	0.527	0.568	0.613	0.774	1.053	1.508	2.41987109	4
	0.000252	10.0792	0.80335033	0.7406	1.7138	3.8473	2.9351	0.486	1.103	0.519	0.483	0.531	0.573	0.618	0.781	1.061	1.517	2.41989064	4
	0.000252	10.0792	0.80340785	0.7406	1.7134	3.8484	2.9397	0.487	1.101	0.518	0.484	0.535	0.577	0.622	0.788	1.070	1.526	2.41991043	4
	0.000252	10.0792	0.80346507	0.7406	1.7130	3.8493	2.9435	0.487	1.099	0.516	0.486	0.538	0.581	0.627	0.793	1.077	1.534	2.41993046	4
	0.000252	10.0792	0.80351943	0.7406	1.7129	3.8497	2.9453	0.488	1.098	0.516	0.486	0.539	0.583	0.628	0.796	1.081	1.537	2.41994929	4
	0.000252	10.0792	0.80357444	0.7405	1.7130	3.8499	2.9462	0.488	1.097	0.515	0.486	0.540	0.583	0.629	0.797	1.082	1.539	2.41996813	4
	0.000252	10.0792	0.80362815	0.7405	1.7133	3.8497	2.9451	0.487	1.097	0.515	0.485	0.538	0.582	0.628	0.795	1.080	1.537	2.41998672	4
	0.000252	10.0792	0.80368239	0.7405	1.7139	3.8491	2.9422	0.485	1.097	0.515	0.483	0.536	0.579	0.624	0.791	1.074	1.531	2.42000556	4
	0.000252	10.0792	0.80373484	0.7405	1.7147	3.8480	2.9369	0.483	1.098	0.515	0.480	0.530	0.573	0.618	0.782	1.064	1.520	2.42002368	4
	0.000252	10.0792	0.80378729	0.7405	1.7160	3.8464	2.9293	0.480	1.100	0.516	0.476	0.523	0.564	0.609	0.771	1.050	1.505	2.42004180	4
	0.000252	10.0792	0.80384308	0.7405	1.7177	3.8441	2.9181	0.476	1.103	0.518	0.471	0.513	0.552	0.596	0.754	1.028	1.483	2.42006111	4
	0.000252	10.0792	0.80389827	0.7405	1.7198	3.8411	2.9041	0.470	1.107	0.520	0.464	0.500	0.537	0.580	0.733	1.001	1.456	2.42008018	4
	0.000252	10.0792	0.80395508	0.7405	1.7225	3.8375	2.8870	0.464	1.112	0.522	0.455	0.484	0.519	0.560	0.707	0.968	1.423	2.42009997	4
	0.000252	10.0792	0.80401319	0.7404	1.7257	3.8329	2.8655	0.456	1.118	0.526	0.445	0.465	0.497	0.535	0.675	0.927	1.381	2.42012000	4
	0.000252	10.0792	0.80406600	0.7404	1.7291	3.8282	2.8432	0.447	1.125	0.530	0.435	0.445	0.474	0.510	0.642	0.885	1.337	2.42013836	4
	0.000252	10.0792	0.80411154	0.7404	1.7324	3.8237	2.8218	0.439	1.133	0.534	0.425	0.427	0.452	0.485	0.610	0.844	1.296	2.42015409	4
	0.000252	10.0792	0.80412173	0.7404	1.7332	3.8226	2.8166	0.437	1.135	0.535	0.423	0.423	0.446	0.479	0.603	0.834	1.286	2.42015743	4
	0.000252	10.0792	0.80417430	0.7404	1.7375	3.8168	2.7891	0.426	1.146	0.540	0.410	0.399	0.418	0.448	0.562	0.782	1.232	2.42017579	4
	0.000252	10.0792	0.80422771	0.7404	1.7421	3.8109	2.7608	0.415	1.157	0.546	0.397	0.375	0.389	0.416	0.521	0.727	1.177	2.42019415	4
	0.000252	10.0792	0.80427891	0.7403	1.7470	3.8047	2.7311	0.402	1.169	0.552	0.384	0.350	0.359	0.382	0.477	0.671	1.119	2.42021179	4
	0.000252	10.0792	0.80433363	0.7403	1.7529	3.7979	2.6981	0.388	1.185	0.559	0.369	0.322	0.325	0.344	0.429	0.609	1.055	2.42023063	4
	0.000252	10.0792	0.80438477	0.7403	1.7584	3.7923	2.6704	0.374	1.198	0.567	0.356	0.298	0.296	0.312	0.389	0.557	1.000	2.42024851	4
	0.000252	10.0792	0.80443579	0.7402	1.7644	3.7865	2.6409	0.359	1.215	0.576	0.343	0.273	0.266	0.278	0.346	0.503	0.942	2.42026591	4
	0.000252	10.0792	0.80448788	0.7402	1.7705	3.7812	2.6137	0.344	1.229	0.584	0.329	0.250	0.238	0.247	0.306	0.452	0.887	2.42028403	4
	0.000252	10.0792	0.80453897	0.7401	1.7768	3.7765	2.5883	0.328	1.241	0.586	0.315	0.226	0.210	0.215	0.267	0.402	0.835	2.42030168	4
	0.000252	10.0792	0.80458987	0.7401	1.7839	3.7719	2.5630	0.310	1.249	0.584	0.298	0.200	0.179	0.182	0.226	0.350	0.782	2.42031932	4
	0.000252	10.0792	0.80464762	0.7400	1.7875	3.7691	2.5481	0.301	1.256	0.585	0.290	0.186	0.163	0.163	0.204	0.321	0.752	2.42033911	4
	0.000252	10.0792	0.80470055	0.7399	1.8013	3.7630	2.5098	0.267	1.256	0.571	0.257	0.143	0.114	0.109	0.141	0.246	0.674	2.42035747	4
	0.000252	10.0792	0.80475283	0.7399	1.8212	3.7566	2.4645	0.217	1.244	0.542	0.209	0.084	0.048	0.038	0.063	0.154	0.579	2.42037535	4
	0.000252	10.0792	0.80478799	0.7398	1.8480	3.7500	2.4110	0.150	1.219	0.498	0.144	0.006	-0.036	-0.051	-0.034	0.043	0.465	2.42038751	4
	0.000252	10.0792	0.80480832	0.7398	1.8786	3.7433	2.3536	0.073	1.189	0.446	0.070	-0.080	-0.128	-0.149	-0.140	-0.075	0.343	2.42039466	4
	0.000252	10.0792	0.80481851	0.7397	1.9121	3.7369	2.2947	-0.010	1.153	0.386	-0.011	-0.172	-0.227	-0.253	-0.252	-0.200	0.215	2.42039800	4
	0.000252	10.0792	0.80482316	0.7397	1.9451	3.7315	2.2400	-0.093	1.115	0.325	-0.091	-0.261	-0.322	-0.352	-0.358	-0.317	0.095	2.42039967	4
	0.000252	10.0792	0.80482572	0.7397	1.9801	3.7266	2.1854	-0.180	1.071	0.257	-0.175	-0.355	-0.420	-0.455	-0.467	-0.436	-0.027	2.42040062	4
	0.000252	10.0792	0.80482709	0.7397	2.0139	3.7226	2.1357	-0.265	1.022	0.190	-0.257	-0.444	-0.513	-0.551	-0.568	-0.546	-0.139	2.42040110	4
	0.000252	10.0792	0.80482715	0.7397	2.0163	3.7224	2.1323	-0.271	1.019	0.185	-0.263	-0.450	-0.519	-0.558	-0.575	-0.554	-0.147	2.42040110	7
	0.000252	10.0792	0.80482817	0.7397	2.0554	3.7187	2.0785	-0.369	0.956	0.103	-0.358	-0.552	-0.625	-0.667	-0.689	-0.675	-0.270	2.42040133	7
	0.000252	10.0792	0.80482912	0.7397	2.0932	3.7155	2.0279	-0.463	0.895	0.024	-0.449	-0.649	-0.726	-0.771	-0.797	-0.790	-0.387	2.42040181	7
	0.000252	10.0792	0.80483001	0.7397	2.1253	3.7130	1.9858	-0.543	0.841	-0.045	-0.527	-0.732	-0.811	-0.859	-0.888	-0.887	-0.484	2.42040205	7
	0.000252	10.0792	0.80483091	0.7397	2.1477	3.7114	1.9569	-0.599	0.804	-0.093	-0.582	-0.790	-0.871	-0.920	-0.951	-0.953	-0.552	2.42040229	7
	0.000252	10.0792	0.80483228	0.7397	2.1726	3.7097	1.9252	-0.662	0.761	-0.147	-0.642	-0.854	-0.937	-0.987	-1.021	-1.027	-0.626	2.42040277	7
	0.000252	10.0792	0.80483484	0.7396	2.1552	3.7111	1.9481	-0.618	0.789	-0.110	-0.600	-0.809	-0.890	-0.940	-0.972	-0.974	-0.573	2.42040372	7
	0.000252	10.0792	0.80483902	0.7396	2.1291	3.7130	1.9818	-0.553	0.832	-0.054	-0.537	-0.742	-0.821	-0.868	-0.898	-0.896	-0.494	2.42040515	7
	0.000252	10.0792	0.80486447	0.7394	2.1502	3.7110	1.9528	-0.606	0.801	-0.097	-0.588	-0.797	-0.878	-0.927	-0.959	-0.962	-0.561	2.42041397	7
	0.000252	10.0792	0.80487996	0.7392	2.1809	3.7086	1.9124	-0.682	0.753	-0.162	-0.662	-0.876	-0.960	-1.011	-1.046	-1.055	-0.655	2.42041922	7
	0.000252	10.0792	0.80489868	0.7390	2.2227	3.7056	1.8583	-0.787	0.687	-0.250	-0.762	-0.982	-1.070	-1.124	-1.164	-1.179	-0.781	2.42042565	7
	0.000252	10.0792	0.80491787	0.7388	2.2724	3.7022	1.7947	-0.911	0.607	-0.356	-0.883	-1.110	-1.201	-1.259	-1.303	-1.326	-0.931	2.42043233	7
	0.000252	10.0792	0.80493504	0.7385	2.3180	3.6991	1.7368	-1.025	0.533	-0.453	-0.992	-1.226	-1.320	-1.382	-1.430	-1.461	-1.067	2.42043829	7
	0.000252	10.0792	0.80495030	0.7382	2.3611	3.6963	1.6824	-1.133	0.464	-0.544	-1.096	-1.335	-1.433	-1.497	-1.549	-1.587	-1.194	2.42044353	7
	0.000252	10.0792	0.80496377	0.7379	2.4037	3.6936	1.6287	-1.239	0.397	-0.634	-1.198	-1.442	-1.543	-1.611	-1.667	-1.711	-1.320	2.42044830	7
	0.000252	10.0792	0.80497557	0.7375	2.4456	3.6909	1.5760	-1.344	0.330	-0.722	-1.298	-1.548	-1.653	-1.723	-1.783	-1.834	-1.444	2.42045236	7
	0.000252	10.0792	0.80498606	0.7372	2.4868	3.6883	1.5241	-1.447	0.267	-0.808	-1.396	-1.652	-1.759	-1.832	-1.897	-1.954	-1.566	2.42045593	7
	0.000252	10.0792	0.80499560	0.7368	2.5282	3.6857	1.4720	-1.550	0.206	-0.894	-1.494	-1.755	-1.866	-1.942	-2.011	-2.075	-1.689	2.42045927	7
	0.000252	10.0792	0.80500430	0.7364	2.5696	3.6831	1.4197	-1.654	0.145	-0.979	-1.592	-1.859	-1.974	-2.053	-2.125	-2.197	-1.812	2.42046213	7
	0.000252	10.0792	0.80501240	0.7360	2.6113	3.6804	1.3671	-1.758	0.085	-1.064	-1.690	-1.963	-2.081	-2.164	-2.241	-2.318	-1.935	2.42046499	7
	0.000252	10.0792	0.80501997	0.7355	2.6530	3.6776	1.3142	-1.862	0.029	-1.148	-1.787	-2.067	-2.189	-2.274	-2.355	-2.440	-2.059	2.42046762	7
	0.000252	10.0792	0.80502719	0.7350	2.6944	3.6749	1.2617	-1.966	-0.026	-1.230	-1.883	-2.170	-2.295	-2.384	-2.469	-2.561	-2.182	2.42047000	7
	0.000252	10.0792	0.80503410	0.7344	2.7356	3.6722	1.2092	-2.069	-0.080	-1.312	-1.979	-2.273	-2.401	-2.493	-2.582	-2.682	-2.304	2.42047238	7
	0.000252	10.0792	0.80504072	0.7338	2.7770	3.6695	1.1564	-2.173	-0.133	-1.393	-2.075	-2.376	-2.507	-2.602	-2.696	-2.803	-2.427	2.42047477	7
	0.000252	10.0792	0.80504668	0.7331	2.8190	3.6666	1.1027	-2.278	-0.183	-1.474	-2.171	-2.479	-2.615	-2.713	-2.812	-2.926	-2.552	2.42047668	7
	0.000252	10.0792	0.80505162	0.7324	2.8596	3.6639	1.0506	-2.379	-0.230	-1.552	-2.263	-2.579	-2.718	-2.820	-2.923	-3.045	-2.673	2.42047858	7
	0.000252	10.0792	0.80505586	0.7317	2.9001	3.6611	0.9985	-2.480	-0.275	-1.629	-2.356	-2.678	-2.821	-2.927	-3.035	-3.165	-2.794	2.42048001	7
	0.000252	10.0792	0.80505937	0.7311	2.9402	3.6583	0.9468	-2.581	-0.294	-1.699	-2.447	-2.779	-2.926	-3.035	-3.147	-3.282	-2.912	2.42048120	7
	0.000252	10.0792	0.80506283	0.7303	2.9815	3.6553	0.8933	-2.684	-0.309	-1.769	-2.541	-2.881	-3.033	-3.146	-3.262	-3.402	-3.035	2.42048240	7
	0.000252	10.0792	0.80506623	0.7295	3.0254	3.6522	0.8362	-2.793	-0.322	-1.842	-2.640	-2.991	-3.148	-3.265	-3.385	-3.531	-3.166	2.42048359	7
	0.000252	10.0792	0.80506927	0.7285	3.0714	3.6488	0.7761	-2.909	-0.330	-1.916	-2.742	-3.105	-3.267	-3.389	-3.513	-3.667	-3.303	2.42048454	7
	0.000252	10.0792	0.80507028	0.7282	3.0893	3.6474	0.7525	-2.953	-0.329	-1.944	-2.781	-3.149	-3.313	-3.436	-3.563	-3.720	-3.357	2.42048502	7
	0.000252	10.0792	0.80507052	0.7281	3.1183	3.6453	0.7149	-3.026	-0.330	-1.988	-2.845	-3.221	-3.388	-3.514	-3.644	-3.805	-3.443	2.42048502	7
	0.000252	10.0792	0.80507082	0.7280	3.1551	3.6425	0.6671	-3.118	-0.328	-2.044	-2.925	-3.311	-3.483	-3.612	-3.746	-3.913	-3.553	2.42048502	7
	0.000252	10.0792	0.80507123	0.7278	3.1908	3.6398	0.6203	-3.207	-0.322	-2.096	-3.003	-3.398	-3.575	-3.708	-3.846	-4.019	-3.660	2.42048526	7
	0.000252	10.0792	0.80507147	0.7276	3.1989	3.6391	0.6095	-3.227	-0.319	-2.108	-3.020	-3.418	-3.595	-3.730	-3.868	-4.043	-3.684	2.42048526	7
	0.000252	10.0792	0.80507147	0.7276	3.1989	3.6391	0.6095	-3.227	-0.319	-2.108	-3.020	-3.418	-3.595	-3.730	-3.868	-4.043	-3.684	2.42048526	8
