# File generated by CMD 2.8 (http://stev.oapd.inaf.it/cmd) on Wed Mar 30 22:26:05 CEST 2016
# PARSEC isochrones, release v1.2S
# Basic references: Bressan et al. (2012), MNRAS, 427, 127 + Chen et al. (2014, 2015), MNRAS, 444, 2525 + MNRAS, 452, 1068 + Tang et al. (2014), MNRAS, 445, 4287
# Warning: you choose not to include the TP-AGB phase!
# Photometric system: CFHT Megacam + Wircam (all ABmags)
# Using NBC version of bolometric corrections as in Chen et al. (2014), MNRAS, 444, 2525
# BCs of Carbon stars derive from Aringer et al. (2009, A&A 503, 913)
# O-rich circumstellar dust ignored
# C-rich circumstellar dust ignored
# IMF: Kroupa (2001, 2002) + Kroupa et al. (2013) canonical two-part-power law IMF corrected for unresolved binaries 
# On RGB, assumed Reimers mass loss with efficiency eta=0.2
# Kind of output: isochrone tables
#	Isochrone  Z = 0.00126	Y = 0.25067	[M/H] = -1.090	eta_R = 0.200	Age = 	1.2000e+10 yr
#      Z	log(age/yr)	M_ini   	M_act	logL/Lo	logTe	logG	mbol    u*      g'      r'      i'      z'      Y       J       H       Ks	int_IMF	stage
	0.001260	10.0792	0.09000000	0.0900	-3.2259	3.4500	5.3701	12.835	20.793	17.117	15.333	13.123	12.367	12.007	11.617	11.760	12.112	1.08168960	1
	0.001260	10.0792	0.09879030	0.0988	-3.0081	3.4809	5.3164	12.290	18.991	15.733	14.057	12.403	11.816	11.508	11.186	11.222	11.550	1.16092110	1
	0.001260	10.0792	0.10000000	0.1000	-2.9796	3.4849	5.3094	12.219	18.760	15.562	13.899	12.313	11.746	11.444	11.130	11.155	11.479	1.17110646	1
	0.001260	10.0792	0.12000000	0.1200	-2.6972	3.5180	5.2383	11.513	16.863	14.139	12.594	11.477	11.052	10.794	10.541	10.497	10.796	1.31931543	1
	0.001260	10.0792	0.14000000	0.1400	-2.5137	3.5351	5.1902	11.054	15.887	13.380	11.908	10.970	10.600	10.363	10.138	10.073	10.363	1.43845272	1
	0.001260	10.0792	0.16000000	0.1600	-2.3730	3.5459	5.1509	10.703	15.239	12.857	11.434	10.593	10.253	10.028	9.821	9.746	10.031	1.53729320	1
	0.001260	10.0792	0.20000000	0.2000	-2.1520	3.5603	5.0843	10.150	14.323	12.094	10.740	10.012	9.708	9.500	9.314	9.228	9.507	1.69387913	1
	0.001260	10.0792	0.25000000	0.2500	-1.9465	3.5717	5.0213	9.636	13.551	11.430	10.133	9.481	9.203	9.007	8.837	8.743	9.018	1.84032583	1
	0.001260	10.0792	0.30000001	0.3000	-1.7887	3.5803	4.9772	9.242	12.980	10.930	9.680	9.074	8.813	8.627	8.468	8.369	8.643	1.95291400	1
	0.001260	10.0792	0.34999999	0.3500	-1.6592	3.5876	4.9437	8.918	12.514	10.523	9.313	8.743	8.494	8.316	8.166	8.064	8.338	2.04341745	1
	0.001260	10.0792	0.40000001	0.4000	-1.5075	3.5988	4.8948	8.539	11.929	10.019	8.874	8.351	8.122	7.956	7.818	7.709	7.990	2.11850262	1
	0.001260	10.0792	0.44999999	0.4500	-1.3295	3.6161	4.8370	8.094	11.192	9.397	8.353	7.891	7.688	7.541	7.418	7.299	7.600	2.18228102	1
	0.001260	10.0792	0.50000000	0.4999	-1.1260	3.6439	4.7905	7.585	10.240	8.615	7.736	7.367	7.206	7.086	6.983	6.862	7.201	2.23745418	1
	0.001260	10.0792	0.50089949	0.5008	-1.1217	3.6445	4.7894	7.574	10.219	8.598	7.723	7.356	7.196	7.077	6.974	6.853	7.193	2.23837948	1
	0.001260	10.0792	0.55000001	0.5499	-0.9015	3.6760	4.7359	7.024	9.141	7.764	7.071	6.794	6.679	6.593	6.521	6.450	6.820	2.28365827	1
	0.001260	10.0792	0.60000002	0.5999	-0.6937	3.7058	4.6849	6.504	8.166	7.047	6.490	6.273	6.193	6.141	6.113	6.117	6.507	2.32112145	1
	0.001260	10.0792	0.60977763	0.6096	-0.6519	3.7122	4.6757	6.400	7.978	6.910	6.377	6.171	6.098	6.053	6.034	6.053	6.447	2.32762647	1
	0.001260	10.0792	0.62636489	0.6262	-0.5809	3.7229	4.6592	6.222	7.672	6.683	6.189	6.001	5.939	5.905	5.901	5.943	6.343	2.33812952	1
	0.001260	10.0792	0.64119226	0.6410	-0.5172	3.7323	4.6431	6.063	7.411	6.485	6.023	5.850	5.797	5.773	5.781	5.843	6.248	2.34699106	1
	0.001260	10.0792	0.64999998	0.6498	-0.4792	3.7378	4.6329	5.968	7.261	6.371	5.925	5.761	5.713	5.694	5.708	5.782	6.190	2.35203552	1
	0.001260	10.0792	0.65496588	0.6547	-0.4577	3.7406	4.6261	5.914	7.180	6.307	5.870	5.711	5.665	5.648	5.666	5.746	6.155	2.35481071	1
	0.001260	10.0792	0.66841906	0.6682	-0.3990	3.7481	4.6061	5.768	6.964	6.135	5.722	5.575	5.536	5.527	5.553	5.646	6.060	2.36209202	1
	0.001260	10.0792	0.68084610	0.6806	-0.3439	3.7548	4.5858	5.630	6.767	5.976	5.585	5.449	5.416	5.413	5.447	5.551	5.970	2.36852455	1
	0.001260	10.0792	0.69301885	0.6927	-0.2888	3.7611	4.5638	5.492	6.577	5.819	5.448	5.322	5.297	5.298	5.339	5.455	5.877	2.37456918	1
	0.001260	10.0792	0.69999999	0.6997	-0.2567	3.7646	4.5502	5.412	6.470	5.729	5.369	5.249	5.226	5.231	5.276	5.397	5.821	2.37792683	1
	0.001260	10.0792	0.70732391	0.7070	-0.2221	3.7682	4.5343	5.325	6.356	5.632	5.284	5.169	5.150	5.158	5.206	5.333	5.759	2.38136744	1
	0.001260	10.0792	0.71593165	0.7155	-0.1803	3.7723	4.5141	5.221	6.222	5.517	5.182	5.074	5.059	5.070	5.123	5.256	5.684	2.38530803	1
	0.001260	10.0792	0.72420388	0.7238	-0.1389	3.7761	4.4928	5.117	6.092	5.404	5.082	4.980	4.968	4.982	5.039	5.179	5.610	2.38899374	1
	0.001260	10.0792	0.73517317	0.7347	-0.0819	3.7809	4.4614	4.975	5.917	5.250	4.943	4.850	4.843	4.860	4.922	5.069	5.503	2.39373422	1
	0.001260	10.0792	0.74547958	0.7449	-0.0256	3.7851	4.4282	4.834	5.750	5.097	4.808	4.723	4.719	4.738	4.804	4.954	5.393	2.39804244	1
	0.001260	10.0792	0.75000000	0.7494	0.0004	3.7869	4.4120	4.769	5.674	5.027	4.745	4.664	4.662	4.681	4.749	4.900	5.341	2.39988899	1
	0.001260	10.0792	0.75292051	0.7523	0.0173	3.7880	4.4009	4.727	5.626	4.982	4.705	4.625	4.624	4.644	4.712	4.865	5.307	2.40106845	1
	0.001260	10.0792	0.76292992	0.7623	0.0788	3.7913	4.3586	4.573	5.453	4.819	4.555	4.481	4.483	4.504	4.576	4.732	5.177	2.40503240	1
	0.001260	10.0792	0.77225518	0.7715	0.1397	3.7941	4.3140	4.421	5.285	4.659	4.405	4.336	4.341	4.363	4.438	4.598	5.046	2.40861917	1
	0.001260	10.0792	0.78058112	0.7798	0.1974	3.7961	4.2688	4.277	5.131	4.509	4.262	4.197	4.204	4.227	4.303	4.467	4.916	2.41173863	1
	0.001260	10.0792	0.78784221	0.7870	0.2517	3.7973	4.2233	4.141	4.988	4.368	4.127	4.065	4.072	4.096	4.174	4.339	4.789	2.41439724	1
	0.001260	10.0792	0.79012376	0.7892	0.2699	3.7975	4.2072	4.095	4.942	4.322	4.082	4.020	4.027	4.052	4.129	4.295	4.745	2.41522098	1
	0.001260	10.0792	0.79381031	0.7929	0.3013	3.7973	4.1771	4.017	4.864	4.243	4.003	3.941	3.948	3.972	4.050	4.215	4.666	2.41654038	1
	0.001260	10.0792	0.79960680	0.7986	0.3546	3.7959	4.1211	3.883	4.737	4.111	3.868	3.804	3.810	3.833	3.909	4.073	4.522	2.41858697	1
	0.001260	10.0792	0.80000001	0.7990	0.3583	3.7957	4.1171	3.874	4.729	4.102	3.858	3.794	3.800	3.823	3.899	4.063	4.512	2.41872454	1
	0.001260	10.0792	0.80151641	0.8005	0.3727	3.7952	4.1015	3.838	4.695	4.067	3.822	3.757	3.762	3.785	3.860	4.024	4.472	2.41925383	1
	0.001260	10.0792	0.80457973	0.8035	0.4050	3.7933	4.0633	3.758	4.624	3.990	3.739	3.671	3.675	3.697	3.770	3.931	4.378	2.42031574	2
	0.001260	10.0792	0.80627739	0.8051	0.4247	3.7915	4.0373	3.708	4.583	3.945	3.688	3.618	3.620	3.640	3.712	3.870	4.316	2.42090034	2
	0.001260	10.0792	0.80961055	0.8084	0.4671	3.7862	3.9751	3.602	4.506	3.853	3.577	3.498	3.495	3.513	3.578	3.730	4.171	2.42203975	2
	0.001260	10.0792	0.81201476	0.8107	0.5016	3.7795	3.9154	3.516	4.458	3.785	3.486	3.395	3.387	3.401	3.459	3.602	4.037	2.42285490	2
	0.001260	10.0792	0.81413198	0.8128	0.5342	3.7704	3.8474	3.435	4.431	3.727	3.401	3.295	3.278	3.286	3.333	3.460	3.890	2.42356825	2
	0.001260	10.0792	0.81551433	0.8141	0.5564	3.7618	3.7916	3.379	4.433	3.696	3.344	3.224	3.199	3.199	3.237	3.348	3.773	2.42403173	2
	0.001260	10.0792	0.81672490	0.8153	0.5814	3.7525	3.7299	3.316	4.435	3.662	3.283	3.147	3.113	3.106	3.132	3.226	3.647	2.42443609	2
	0.001260	10.0792	0.81777209	0.8163	0.6159	3.7445	3.6640	3.230	4.410	3.603	3.199	3.051	3.009	2.995	3.011	3.089	3.506	2.42478490	2
	0.001260	10.0792	0.81857574	0.8171	0.6547	3.7393	3.6048	3.133	4.353	3.523	3.105	2.948	2.901	2.882	2.891	2.959	3.373	2.42505169	2
	0.001260	10.0792	0.81911665	0.8176	0.6864	3.7363	3.5613	3.054	4.299	3.456	3.028	2.866	2.817	2.794	2.800	2.860	3.272	2.42523098	3
	0.001260	10.0792	0.81923622	0.8177	0.6944	3.7357	3.5512	3.034	4.283	3.437	3.008	2.846	2.796	2.773	2.777	2.837	3.249	2.42527056	3
	0.001260	10.0792	0.81986547	0.8183	0.7385	3.7330	3.4965	2.924	4.195	3.337	2.900	2.734	2.681	2.655	2.656	2.708	3.119	2.42547894	3
	0.001260	10.0792	0.82039559	0.8188	0.7794	3.7310	3.4477	2.822	4.110	3.243	2.800	2.630	2.575	2.547	2.545	2.592	3.002	2.42565393	3
	0.001260	10.0792	0.82098383	0.8193	0.8289	3.7290	3.3907	2.698	4.003	3.126	2.678	2.505	2.448	2.418	2.413	2.455	2.865	2.42584801	3
	0.001260	10.0792	0.82152742	0.8198	0.8784	3.7273	3.3343	2.574	3.895	3.010	2.557	2.380	2.321	2.289	2.281	2.319	2.728	2.42602682	3
	0.001260	10.0792	0.82207286	0.8203	0.9325	3.7255	3.2736	2.439	3.775	2.881	2.423	2.244	2.184	2.149	2.139	2.172	2.580	2.42620611	3
	0.001260	10.0792	0.82255584	0.8207	0.9849	3.7240	3.2151	2.308	3.657	2.757	2.294	2.113	2.050	2.015	2.001	2.031	2.438	2.42636466	3
	0.001260	10.0792	0.82296562	0.8210	1.0331	3.7225	3.1611	2.187	3.550	2.642	2.176	1.992	1.928	1.890	1.875	1.900	2.307	2.42649913	3
	0.001260	10.0792	0.82328635	0.8213	1.0738	3.7212	3.1155	2.086	3.459	2.546	2.076	1.890	1.824	1.786	1.768	1.790	2.197	2.42660427	3
	0.001260	10.0792	0.82364148	0.8215	1.1227	3.7197	3.0607	1.963	3.350	2.430	1.955	1.767	1.700	1.660	1.639	1.658	2.064	2.42672038	3
	0.001260	10.0792	0.82398099	0.8218	1.1739	3.7180	3.0028	1.835	3.238	2.309	1.830	1.639	1.569	1.527	1.504	1.518	1.923	2.42683125	3
	0.001260	10.0792	0.82428843	0.8220	1.2249	3.7163	2.9450	1.708	3.129	2.190	1.705	1.511	1.439	1.395	1.369	1.379	1.783	2.42693186	3
	0.001260	10.0792	0.82455689	0.8221	1.2737	3.7146	2.8895	1.586	3.025	2.076	1.586	1.388	1.315	1.269	1.240	1.245	1.648	2.42701936	3
	0.001260	10.0792	0.82479954	0.8222	1.3218	3.7128	2.8342	1.465	2.923	1.964	1.468	1.267	1.192	1.144	1.112	1.112	1.515	2.42709851	3
	0.001260	10.0792	0.82501781	0.8223	1.3691	3.7110	2.7797	1.347	2.824	1.854	1.352	1.148	1.071	1.021	0.986	0.981	1.383	2.42716956	3
	0.001260	10.0792	0.82522047	0.8224	1.4171	3.7091	2.7243	1.227	2.724	1.743	1.235	1.027	0.948	0.896	0.859	0.848	1.249	2.42723560	3
	0.001260	10.0792	0.82539982	0.8224	1.4636	3.7072	2.6701	1.111	2.629	1.637	1.123	0.911	0.830	0.776	0.735	0.719	1.119	2.42729402	3
	0.001260	10.0792	0.82556713	0.8224	1.5109	3.7051	2.6148	0.993	2.533	1.529	1.008	0.793	0.709	0.653	0.609	0.587	0.986	2.42734838	3
	0.001260	10.0792	0.82571501	0.8223	1.5565	3.7032	2.5612	0.879	2.441	1.426	0.898	0.678	0.593	0.534	0.487	0.459	0.858	2.42739654	3
	0.001260	10.0792	0.82584685	0.8223	1.6007	3.7012	2.5091	0.768	2.352	1.326	0.791	0.568	0.480	0.419	0.369	0.335	0.733	2.42743945	3
	0.001260	10.0792	0.82596904	0.8222	1.6451	3.6992	2.4567	0.657	2.267	1.226	0.683	0.456	0.366	0.303	0.250	0.211	0.608	2.42747927	3
	0.001260	10.0792	0.82607746	0.8221	1.6877	3.6971	2.4057	0.551	2.189	1.131	0.580	0.349	0.256	0.191	0.135	0.091	0.487	2.42751431	3
	0.001260	10.0792	0.82617974	0.8220	1.7310	3.6950	2.3539	0.442	2.110	1.034	0.475	0.240	0.145	0.078	0.018	-0.031	0.364	2.42754769	3
	0.001260	10.0792	0.82627195	0.8218	1.7728	3.6929	2.3037	0.338	2.034	0.942	0.374	0.135	0.038	-0.032	-0.095	-0.149	0.244	2.42757750	3
	0.001260	10.0792	0.82635808	0.8216	1.8142	3.6908	2.2538	0.235	1.960	0.850	0.275	0.031	-0.068	-0.141	-0.207	-0.266	0.126	2.42760539	3
	0.001260	10.0792	0.82644057	0.8214	1.8550	3.6887	2.2045	0.133	1.889	0.761	0.177	-0.070	-0.173	-0.247	-0.317	-0.382	0.009	2.42763233	3
	0.001260	10.0792	0.82652521	0.8211	1.8937	3.6867	2.1575	0.036	1.823	0.678	0.085	-0.166	-0.271	-0.348	-0.422	-0.493	-0.103	2.42765975	3
	0.001260	10.0792	0.82660204	0.8208	1.9138	3.6858	2.1337	-0.014	1.786	0.633	0.037	-0.216	-0.322	-0.400	-0.475	-0.549	-0.160	2.42768478	3
	0.001260	10.0792	0.82668084	0.8205	1.8895	3.6876	2.1651	0.046	1.821	0.682	0.094	-0.156	-0.260	-0.336	-0.408	-0.476	-0.086	2.42771029	3
	0.001260	10.0792	0.82668608	0.8205	1.8875	3.6877	2.1676	0.051	1.824	0.687	0.098	-0.151	-0.255	-0.331	-0.402	-0.470	-0.080	2.42771196	3
	0.001260	10.0792	0.82674927	0.8203	1.9295	3.6855	2.1163	-0.054	1.753	0.596	-0.001	-0.255	-0.362	-0.440	-0.516	-0.591	-0.202	2.42773247	3
	0.001260	10.0792	0.82680911	0.8200	1.9709	3.6832	2.0655	-0.157	1.684	0.508	-0.099	-0.358	-0.467	-0.548	-0.628	-0.710	-0.322	2.42775178	3
	0.001260	10.0792	0.82686746	0.8197	2.0135	3.6807	2.0132	-0.264	1.614	0.417	-0.199	-0.463	-0.576	-0.659	-0.744	-0.833	-0.447	2.42777085	3
	0.001260	10.0792	0.82692164	0.8193	2.0560	3.6783	1.9607	-0.370	1.550	0.329	-0.299	-0.568	-0.684	-0.771	-0.859	-0.956	-0.571	2.42778826	3
	0.001260	10.0792	0.82696992	0.8189	2.0967	3.6759	1.9101	-0.472	1.492	0.245	-0.395	-0.669	-0.788	-0.878	-0.970	-1.074	-0.690	2.42780399	3
	0.001260	10.0792	0.82701492	0.8185	2.1373	3.6734	1.8594	-0.573	1.435	0.162	-0.490	-0.770	-0.892	-0.985	-1.081	-1.192	-0.810	2.42781854	3
	0.001260	10.0792	0.82705641	0.8180	2.1779	3.6709	1.8086	-0.675	1.380	0.080	-0.584	-0.871	-0.995	-1.091	-1.192	-1.310	-0.929	2.42783189	3
	0.001260	10.0792	0.82709509	0.8175	2.2187	3.6684	1.7574	-0.777	1.327	-0.001	-0.679	-0.971	-1.099	-1.198	-1.303	-1.429	-1.049	2.42784452	3
	0.001260	10.0792	0.82712960	0.8170	2.2579	3.6659	1.7079	-0.875	1.278	-0.078	-0.769	-1.068	-1.199	-1.301	-1.410	-1.543	-1.165	2.42785573	3
	0.001260	10.0792	0.82716197	0.8164	2.2974	3.6633	1.6579	-0.974	1.230	-0.156	-0.860	-1.165	-1.300	-1.405	-1.517	-1.658	-1.281	2.42786622	3
	0.001260	10.0792	0.82719862	0.8156	2.3458	3.6601	1.5962	-1.095	1.173	-0.249	-0.971	-1.284	-1.423	-1.532	-1.650	-1.800	-1.425	2.42787814	3
	0.001260	10.0792	0.82723153	0.8148	2.3932	3.6569	1.5356	-1.213	1.122	-0.338	-1.077	-1.398	-1.542	-1.655	-1.779	-1.939	-1.567	2.42788863	3
	0.001260	10.0792	0.82726216	0.8138	2.4412	3.6537	1.4742	-1.333	1.070	-0.429	-1.184	-1.514	-1.662	-1.780	-1.909	-2.080	-1.710	2.42789865	3
	0.001260	10.0792	0.82728946	0.8128	2.4879	3.6504	1.4137	-1.450	1.022	-0.515	-1.288	-1.626	-1.779	-1.901	-2.036	-2.218	-1.850	2.42790747	3
	0.001260	10.0792	0.82731456	0.8117	2.5343	3.6472	1.3538	-1.566	0.977	-0.599	-1.390	-1.736	-1.894	-2.021	-2.162	-2.354	-1.989	2.42791557	3
	0.001260	10.0792	0.82733858	0.8104	2.5826	3.6438	1.2912	-1.687	0.931	-0.685	-1.495	-1.851	-2.014	-2.145	-2.293	-2.496	-2.134	2.42792344	3
	0.001260	10.0792	0.82735938	0.8090	2.6278	3.6405	1.2320	-1.800	0.891	-0.765	-1.593	-1.958	-2.126	-2.261	-2.415	-2.629	-2.270	2.42793012	3
	0.001260	10.0792	0.82737899	0.8075	2.6739	3.6371	1.1717	-1.915	0.853	-0.844	-1.692	-2.066	-2.239	-2.380	-2.540	-2.764	-2.408	2.42793632	3
	0.001260	10.0792	0.82739753	0.8058	2.7210	3.6337	1.1100	-2.032	0.815	-0.925	-1.793	-2.177	-2.355	-2.500	-2.666	-2.902	-2.549	2.42794251	3
	0.001260	10.0792	0.82741356	0.8040	2.7650	3.6303	1.0516	-2.142	0.783	-0.999	-1.886	-2.280	-2.463	-2.613	-2.785	-3.032	-2.681	2.42794752	3
	0.001260	10.0792	0.82742906	0.8020	2.8106	3.6269	0.9910	-2.257	0.759	-1.071	-1.981	-2.386	-2.575	-2.729	-2.908	-3.166	-2.818	2.42795253	3
	0.001260	10.0792	0.82744366	0.7997	2.8569	3.6234	0.9295	-2.372	0.770	-1.137	-2.078	-2.495	-2.690	-2.850	-3.034	-3.300	-2.956	2.42795730	3
	0.001260	10.0792	0.82745618	0.7974	2.8998	3.6200	0.8718	-2.480	0.786	-1.196	-2.167	-2.597	-2.797	-2.962	-3.152	-3.426	-3.085	2.42796135	3
	0.001260	10.0792	0.82746828	0.7947	2.9442	3.6165	0.8120	-2.590	0.807	-1.253	-2.257	-2.700	-2.907	-3.077	-3.273	-3.555	-3.218	2.42796540	3
	0.001260	10.0792	0.82748002	0.7916	2.9902	3.6130	0.7501	-2.706	0.829	-1.313	-2.350	-2.807	-3.020	-3.195	-3.398	-3.688	-3.355	2.42796922	3
	0.001260	10.0792	0.82749027	0.7883	3.0333	3.6095	0.6914	-2.813	0.855	-1.366	-2.436	-2.906	-3.125	-3.306	-3.515	-3.814	-3.485	2.42797232	3
	0.001260	10.0792	0.82750040	0.7845	3.0789	3.6059	0.6294	-2.927	0.885	-1.421	-2.525	-3.009	-3.235	-3.422	-3.638	-3.947	-3.622	2.42797565	3
	0.001260	10.0792	0.82750976	0.7803	3.1239	3.6024	0.5677	-3.040	0.917	-1.474	-2.612	-3.111	-3.343	-3.536	-3.759	-4.078	-3.757	2.42797875	3
	0.001260	10.0792	0.82751840	0.7756	3.1682	3.5988	0.5066	-3.151	0.950	-1.524	-2.697	-3.210	-3.449	-3.648	-3.878	-4.206	-3.890	2.42798162	3
	0.001260	10.0792	0.82752669	0.7702	3.2133	3.5951	0.4439	-3.263	0.965	-1.574	-2.780	-3.310	-3.556	-3.761	-3.998	-4.336	-4.025	2.42798424	3
	0.001260	10.0792	0.82753444	0.7642	3.2584	3.5915	0.3807	-3.376	0.980	-1.622	-2.863	-3.409	-3.662	-3.873	-4.118	-4.466	-4.159	2.42798662	3
	0.001260	10.0792	0.82754171	0.7574	3.3024	3.5879	0.3184	-3.486	0.999	-1.666	-2.942	-3.505	-3.766	-3.982	-4.234	-4.592	-4.291	2.42798901	3
	0.001260	10.0792	0.82754725	0.7514	3.3343	3.5852	0.2723	-3.566	1.016	-1.696	-2.997	-3.573	-3.840	-4.061	-4.319	-4.684	-4.387	2.42799091	4
	0.001260	10.0792	0.82754725	0.7515	1.7287	3.7382	2.4899	0.448	1.666	0.830	0.425	0.270	0.221	0.197	0.198	0.254	0.672	2.42799091	4
	0.001260	10.0792	0.82759470	0.7514	1.7445	3.7370	2.4693	0.409	1.637	0.795	0.386	0.229	0.179	0.153	0.153	0.207	0.624	2.42800617	4
	0.001260	10.0792	0.82764316	0.7513	1.7476	3.7368	2.4656	0.401	1.631	0.788	0.378	0.221	0.171	0.145	0.145	0.198	0.615	2.42802191	4
	0.001260	10.0792	0.82769245	0.7513	1.7491	3.7369	2.4645	0.397	1.626	0.783	0.374	0.217	0.167	0.142	0.141	0.195	0.612	2.42803788	4
	0.001260	10.0792	0.82774341	0.7512	1.7496	3.7373	2.4653	0.396	1.622	0.781	0.373	0.216	0.167	0.141	0.142	0.196	0.613	2.42805433	4
	0.001260	10.0792	0.82779306	0.7511	1.7493	3.7378	2.4678	0.397	1.618	0.779	0.373	0.218	0.168	0.144	0.145	0.200	0.618	2.42807031	4
	0.001260	10.0792	0.82784307	0.7511	1.7484	3.7385	2.4714	0.399	1.614	0.778	0.375	0.221	0.172	0.148	0.150	0.207	0.625	2.42808652	4
	0.001260	10.0792	0.82789409	0.7510	1.7471	3.7393	2.4758	0.402	1.610	0.778	0.377	0.225	0.177	0.153	0.157	0.215	0.634	2.42810297	4
	0.001260	10.0792	0.82794458	0.7509	1.7457	3.7401	2.4805	0.406	1.607	0.779	0.380	0.229	0.182	0.160	0.164	0.224	0.643	2.42811942	4
	0.001260	10.0792	0.82799578	0.7509	1.7443	3.7410	2.4852	0.409	1.604	0.779	0.383	0.234	0.188	0.166	0.171	0.234	0.653	2.42813587	4
	0.001260	10.0792	0.82804424	0.7508	1.7431	3.7417	2.4892	0.412	1.601	0.779	0.386	0.238	0.192	0.171	0.177	0.241	0.661	2.42815161	4
	0.001260	10.0792	0.82809591	0.7508	1.7419	3.7424	2.4933	0.415	1.598	0.779	0.388	0.241	0.197	0.176	0.183	0.249	0.669	2.42816830	4
	0.001260	10.0792	0.82814670	0.7507	1.7408	3.7431	2.4970	0.418	1.595	0.779	0.391	0.245	0.201	0.181	0.189	0.256	0.676	2.42818475	4
	0.001260	10.0792	0.82819420	0.7506	1.7401	3.7436	2.4998	0.420	1.593	0.779	0.392	0.247	0.204	0.184	0.193	0.262	0.682	2.42820001	4
	0.001260	10.0792	0.82824427	0.7506	1.7395	3.7441	2.5024	0.421	1.590	0.778	0.393	0.249	0.206	0.187	0.197	0.267	0.687	2.42821622	4
	0.001260	10.0792	0.82825601	0.7506	1.7394	3.7442	2.5029	0.421	1.590	0.778	0.393	0.250	0.207	0.188	0.198	0.268	0.688	2.42822003	4
	0.001260	10.0792	0.82829541	0.7505	1.7392	3.7445	2.5043	0.422	1.588	0.778	0.394	0.250	0.208	0.189	0.200	0.270	0.691	2.42823267	4
	0.001260	10.0792	0.82834417	0.7505	1.7392	3.7448	2.5054	0.422	1.586	0.776	0.393	0.251	0.209	0.190	0.201	0.272	0.693	2.42824841	4
	0.001260	10.0792	0.82839262	0.7504	1.7395	3.7450	2.5058	0.421	1.584	0.775	0.393	0.250	0.208	0.190	0.201	0.273	0.693	2.42826414	4
	0.001260	10.0792	0.82844132	0.7503	1.7401	3.7450	2.5053	0.420	1.582	0.773	0.391	0.249	0.207	0.188	0.200	0.271	0.692	2.42827988	4
	0.001260	10.0792	0.82849282	0.7503	1.7410	3.7450	2.5042	0.417	1.580	0.771	0.389	0.246	0.204	0.186	0.197	0.269	0.689	2.42829633	4
	0.001260	10.0792	0.82854187	0.7502	1.7424	3.7448	2.5020	0.414	1.578	0.768	0.385	0.243	0.201	0.182	0.193	0.264	0.685	2.42831230	4
	0.001260	10.0792	0.82859123	0.7502	1.7443	3.7444	2.4985	0.409	1.576	0.765	0.381	0.238	0.195	0.176	0.186	0.256	0.677	2.42832804	4
	0.001260	10.0792	0.82861924	0.7501	1.7455	3.7442	2.4964	0.406	1.575	0.763	0.378	0.234	0.191	0.172	0.182	0.252	0.672	2.42833710	4
	0.001260	10.0792	0.82864076	0.7501	1.7466	3.7440	2.4945	0.404	1.574	0.761	0.375	0.231	0.188	0.169	0.179	0.248	0.668	2.42834401	4
	0.001260	10.0792	0.82869107	0.7500	1.7494	3.7434	2.4894	0.397	1.572	0.756	0.369	0.224	0.180	0.160	0.169	0.237	0.657	2.42836022	4
	0.001260	10.0792	0.82874584	0.7500	1.7530	3.7427	2.4827	0.388	1.569	0.750	0.360	0.214	0.169	0.149	0.157	0.223	0.643	2.42837811	4
	0.001260	10.0792	0.82879835	0.7499	1.7567	3.7419	2.4761	0.378	1.565	0.744	0.351	0.204	0.158	0.137	0.144	0.209	0.628	2.42839503	4
	0.001260	10.0792	0.82885110	0.7498	1.7620	3.7408	2.4661	0.365	1.561	0.735	0.338	0.189	0.142	0.120	0.126	0.188	0.607	2.42841196	4
	0.001260	10.0792	0.82890147	0.7498	1.7678	3.7396	2.4556	0.351	1.557	0.725	0.325	0.173	0.126	0.102	0.106	0.166	0.584	2.42842817	4
	0.001260	10.0792	0.82895267	0.7497	1.7731	3.7387	2.4466	0.337	1.552	0.715	0.312	0.159	0.110	0.086	0.089	0.146	0.564	2.42844462	4
	0.001260	10.0792	0.82900286	0.7496	1.7808	3.7373	2.4332	0.318	1.546	0.702	0.294	0.138	0.088	0.063	0.063	0.118	0.535	2.42846084	4
	0.001260	10.0792	0.82905793	0.7495	1.7914	3.7354	2.4150	0.291	1.536	0.683	0.269	0.109	0.057	0.031	0.028	0.079	0.495	2.42847848	4
	0.001260	10.0792	0.82910842	0.7494	1.8009	3.7339	2.3993	0.268	1.527	0.666	0.246	0.084	0.030	0.002	-0.002	0.045	0.461	2.42849493	4
	0.001260	10.0792	0.82915837	0.7493	1.8208	3.7309	2.3673	0.218	1.505	0.628	0.198	0.030	-0.026	-0.057	-0.065	-0.024	0.390	2.42851090	4
	0.001260	10.0792	0.82920218	0.7492	1.8566	3.7258	2.3113	0.129	1.466	0.561	0.113	-0.064	-0.125	-0.161	-0.176	-0.147	0.265	2.42852497	4
	0.001260	10.0792	0.82922387	0.7492	1.8958	3.7206	2.2513	0.031	1.421	0.486	0.019	-0.167	-0.233	-0.274	-0.296	-0.279	0.130	2.42853212	4
	0.001260	10.0792	0.82923275	0.7491	1.9336	3.7158	2.1944	-0.064	1.380	0.415	-0.070	-0.265	-0.337	-0.381	-0.411	-0.405	0.002	2.42853498	4
	0.001260	10.0792	0.82923681	0.7491	1.9727	3.7111	2.1363	-0.162	1.336	0.340	-0.162	-0.366	-0.443	-0.492	-0.528	-0.534	-0.129	2.42853618	4
	0.001260	10.0792	0.82923883	0.7491	2.0124	3.7067	2.0789	-0.261	1.290	0.265	-0.255	-0.467	-0.549	-0.603	-0.645	-0.662	-0.260	2.42853689	4
	0.001260	10.0792	0.82923990	0.7491	2.0489	3.7028	2.0269	-0.352	1.246	0.195	-0.340	-0.559	-0.646	-0.704	-0.752	-0.778	-0.378	2.42853713	7
	0.001260	10.0792	0.82924002	0.7491	2.0527	3.7024	2.0215	-0.362	1.241	0.187	-0.349	-0.569	-0.656	-0.714	-0.763	-0.790	-0.390	2.42853713	7
	0.001260	10.0792	0.82924110	0.7491	2.0999	3.6979	1.9563	-0.480	1.184	0.095	-0.459	-0.688	-0.780	-0.844	-0.899	-0.937	-0.540	2.42853761	7
	0.001260	10.0792	0.82924187	0.7491	2.1384	3.6943	1.9035	-0.576	1.141	0.021	-0.549	-0.785	-0.881	-0.949	-1.010	-1.058	-0.663	2.42853785	7
	0.001260	10.0792	0.82924271	0.7491	2.1737	3.6911	1.8552	-0.664	1.101	-0.047	-0.631	-0.874	-0.974	-1.046	-1.112	-1.168	-0.774	2.42853808	7
	0.001260	10.0792	0.82924354	0.7491	2.1940	3.6894	1.8280	-0.715	1.077	-0.086	-0.677	-0.925	-1.027	-1.100	-1.169	-1.231	-0.838	2.42853832	7
	0.001260	10.0792	0.82924563	0.7490	2.2026	3.6889	1.8174	-0.736	1.064	-0.104	-0.698	-0.946	-1.049	-1.123	-1.193	-1.256	-0.863	2.42853904	7
	0.001260	10.0792	0.82924736	0.7490	2.1725	3.6916	1.8583	-0.661	1.097	-0.047	-0.628	-0.871	-0.971	-1.042	-1.107	-1.162	-0.768	2.42853951	7
	0.001260	10.0792	0.82925212	0.7490	2.1512	3.6935	1.8871	-0.608	1.123	-0.005	-0.579	-0.817	-0.915	-0.983	-1.046	-1.096	-0.701	2.42854118	7
	0.001260	10.0792	0.82927948	0.7487	2.1630	3.6920	1.8691	-0.638	1.115	-0.026	-0.605	-0.847	-0.946	-1.017	-1.081	-1.136	-0.742	2.42855000	7
	0.001260	10.0792	0.82929587	0.7485	2.2001	3.6884	1.8179	-0.730	1.076	-0.095	-0.690	-0.940	-1.043	-1.117	-1.188	-1.252	-0.860	2.42855525	7
	0.001260	10.0792	0.82931435	0.7482	2.2474	3.6841	1.7528	-0.849	1.028	-0.183	-0.798	-1.056	-1.165	-1.245	-1.323	-1.401	-1.012	2.42856121	7
	0.001260	10.0792	0.82933146	0.7479	2.2928	3.6800	1.6912	-0.962	0.980	-0.269	-0.901	-1.168	-1.282	-1.366	-1.452	-1.542	-1.155	2.42856669	7
	0.001260	10.0792	0.82934642	0.7476	2.3355	3.6763	1.6332	-1.069	0.940	-0.347	-0.997	-1.273	-1.391	-1.481	-1.573	-1.674	-1.289	2.42857146	7
	0.001260	10.0792	0.82935965	0.7472	2.3778	3.6726	1.5759	-1.175	0.900	-0.424	-1.092	-1.377	-1.500	-1.594	-1.692	-1.804	-1.421	2.42857575	7
	0.001260	10.0792	0.82937121	0.7469	2.4196	3.6690	1.5195	-1.279	0.861	-0.500	-1.186	-1.479	-1.607	-1.705	-1.809	-1.932	-1.551	2.42857957	7
	0.001260	10.0792	0.82938141	0.7465	2.4609	3.6654	1.4638	-1.382	0.826	-0.574	-1.277	-1.579	-1.712	-1.815	-1.925	-2.058	-1.679	2.42858267	7
	0.001260	10.0792	0.82939059	0.7461	2.5020	3.6618	1.4082	-1.485	0.792	-0.646	-1.368	-1.679	-1.817	-1.924	-2.039	-2.183	-1.807	2.42858577	7
	0.001260	10.0792	0.82939887	0.7457	2.5432	3.6582	1.3524	-1.588	0.759	-0.718	-1.458	-1.778	-1.920	-2.032	-2.154	-2.308	-1.935	2.42858839	7
	0.001260	10.0792	0.82940656	0.7453	2.5841	3.6547	1.2969	-1.690	0.729	-0.788	-1.546	-1.875	-2.023	-2.140	-2.267	-2.433	-2.062	2.42859077	7
	0.001260	10.0792	0.82941365	0.7448	2.6255	3.6510	1.2407	-1.794	0.700	-0.858	-1.635	-1.973	-2.126	-2.248	-2.382	-2.560	-2.191	2.42859316	7
	0.001260	10.0792	0.82942027	0.7442	2.6662	3.6475	1.1853	-1.896	0.674	-0.925	-1.721	-2.069	-2.227	-2.354	-2.494	-2.684	-2.318	2.42859530	7
	0.001260	10.0792	0.82942665	0.7436	2.7066	3.6439	1.1303	-1.996	0.651	-0.990	-1.806	-2.163	-2.326	-2.458	-2.606	-2.807	-2.444	2.42859721	7
	0.001260	10.0792	0.82943279	0.7430	2.7470	3.6403	1.0752	-2.097	0.628	-1.056	-1.891	-2.257	-2.426	-2.562	-2.717	-2.930	-2.570	2.42859936	7
	0.001260	10.0792	0.82943869	0.7422	2.7885	3.6366	1.0183	-2.201	0.609	-1.120	-1.976	-2.353	-2.527	-2.669	-2.830	-3.056	-2.699	2.42860126	7
	0.001260	10.0792	0.82944399	0.7414	2.8292	3.6329	0.9626	-2.303	0.615	-1.178	-2.060	-2.449	-2.629	-2.776	-2.943	-3.178	-2.825	2.42860293	7
	0.001260	10.0792	0.82944882	0.7405	2.8725	3.6290	0.9032	-2.411	0.637	-1.234	-2.149	-2.552	-2.738	-2.890	-3.064	-3.308	-2.958	2.42860436	7
	0.001260	10.0792	0.82945263	0.7397	2.9174	3.6250	0.8416	-2.524	0.664	-1.290	-2.240	-2.656	-2.849	-3.008	-3.188	-3.442	-3.096	2.42860579	7
	0.001260	10.0792	0.82945561	0.7389	2.9603	3.6210	0.7825	-2.631	0.695	-1.342	-2.325	-2.756	-2.955	-3.119	-3.307	-3.570	-3.229	2.42860675	7
	0.001260	10.0792	0.82945830	0.7381	3.0017	3.6173	0.7255	-2.734	0.727	-1.390	-2.406	-2.851	-3.057	-3.227	-3.421	-3.694	-3.356	2.42860746	7
	0.001260	10.0792	0.82946086	0.7372	3.0452	3.6133	0.6656	-2.843	0.764	-1.438	-2.490	-2.949	-3.163	-3.339	-3.540	-3.824	-3.490	2.42860842	7
	0.001260	10.0792	0.82946301	0.7363	3.0857	3.6096	0.6096	-2.944	0.802	-1.482	-2.568	-3.041	-3.260	-3.442	-3.651	-3.944	-3.615	2.42860913	7
	0.001260	10.0792	0.82946473	0.7355	3.1265	3.6057	0.5530	-3.046	0.845	-1.522	-2.642	-3.131	-3.358	-3.546	-3.762	-4.066	-3.742	2.42860961	7
	0.001260	10.0792	0.82946503	0.7353	3.1709	3.6016	0.4918	-3.157	0.889	-1.566	-2.724	-3.229	-3.463	-3.657	-3.882	-4.199	-3.879	2.42860961	7
	0.001260	10.0792	0.82946503	0.7353	3.1496	3.6036	0.5211	-3.104	0.869	-1.545	-2.685	-3.182	-3.412	-3.604	-3.824	-4.135	-3.813	2.42860961	7
	0.001260	10.0792	0.82946551	0.7350	3.1671	3.6019	0.4968	-3.148	0.888	-1.562	-2.717	-3.220	-3.454	-3.648	-3.872	-4.187	-3.867	2.42860985	7
	0.001260	10.0792	0.82946551	0.7350	3.1671	3.6019	0.4968	-3.148	0.888	-1.562	-2.716	-3.220	-3.454	-3.648	-3.872	-4.187	-3.867	2.42860985	8
